1967
1968
1870
1809
1752
1644
1983
1880
1904
1918
1894
1832
1783
1746
1646
1580
1567
1304
1546
1471
1209
1424
1858
1812
1503
1395
1850
1917
1854
1781
1670
1615
1436
1555
1630
1577
1586
1636
1727
1676
1689
1525
1465
1576
1404
1344
1414
1400
1290
1156
1190
1122
1074
884
1271
1346
862
898
824
1130
1422
1459
819
827
818
1041
1111
1399
1365
1323
1565
1330
1559
1996
1716
1398
948
855
639
1343
1216
1116
1313
1184
1087
1062
1081
1048
676
1043
1017
1036
878
1011
857
779
738
557
1444
911
1045
1246
1264
1145
1462
1286
1091
1034
615
795
646
570
823
553
854
806
648
632
399
386
494
480
382
500
589
605
1667
804
448
379
290
253
140
1085
1030
794
1480
1437
1434
874
440
278
381
289
335
325
281
275
469
397
297
254
178
249
255
198
192
191
188
175
185
216
58
34
153
351
257
157
69
463
1232
165
776
139
74
73
245
1387
988
5
2
189
97
129
23
95
137
479
90
196
858
89
