7713
7779
7801
7703
7738
7725
7640
7361
7190
7387
7562
7782
7700
7525
6963
7403
6552
6099
5979
7175
7661
7319
7213
6801
6693
6618
7150
7135
7762
7380
6892
6521
6468
6313
6171
6437
6255
7050
6473
5352
6424
6122
7127
6700
6214
6204
6253
6010
5910
6075
5639
5571
5833
5553
5549
5407
5003
5139
5779
5626
5655
5732
5501
5485
4959
3577
5334
4900
4886
4544
4524
4711
4656
4972
6147
5836
5435
3974
3960
5645
3721
4197
4744
4661
4258
4030
3841
3824
3487
2910
2886
2878
2807
2752
2620
3317
3798
3990
2507
1683
1262
770
729
559
4121
4775
4643
4057
4528
4455
3896
3926
3887
3598
3890
3370
3460
3593
3299
3042
3555
2653
2371
2188
868
2568
3259
3178
2230
2201
2618
2553
2538
2222
2294
1665
1885
1560
1588
1459
1645
1065
2029
2155
2340
2064
1934
1225
3618
7872
7470
7530
7702
7408
7186
6920
6503
6540
7259
7060
7146
7593
7126
7097
6745
7631
7860
7783
7750
7587
7630
6628
5948
7009
7464
7279
6991
6881
6699
6012
6027
6516
5976
6066
6677
6374
6233
6146
5972
5697
5611
5387
5724
5229
5380
5199
4986
5107
5878
6809
6951
6728
6120
6199
6643
7354
7209
6918
7912
7711
7192
7510
7336
7881
7674
7637
7191
7901
7854
7220
6672
6589
6543
5738
5627
5685
7226
7928
7924
7138
7344
7798
7793
7422
7035
7575
7407
6907
6946
6642
6343
6180
6124
7131
7090
6860
6287
6849
6484
6530
6461
6583
7639
5899
5753
5605
5565
5456
6076
6116
6104
5926
5556
5192
5136
4907
5127
5386
5417
5007
4921
5259
5294
5840
5143
4778
4641
4694
4569
4618
4498
4460
4393
3916
3806
3653
4052
5464
5262
5062
5047
4951
4674
4612
7100
6794
6084
4890
6585
6393
7500
7968
7921
7855
7775
7729
7759
7717
7946
7777
7929
7288
7829
7376
7214
7358
7720
7521
7451
7277
6915
6878
6862
6717
7433
7989
7672
7911
7519
7559
7590
7938
7789
7922
7772
7244
7581
7771
7509
7794
7653
7760
7073
7141
6906
6863
6835
6812
6732
6730
7080
7778
7671
7533
6914
7353
7291
6538
7381
7326
7483
7991
7859
7622
7542
7485
7891
7816
7662
7619
7216
7396
7086
6767
7348
6893
6800
6273
7274
7149
7058
6988
6601
6505
7346
7455
6410
6869
6394
5709
5504
7298
7419
7282
7074
6975
6792
6740
6477
6723
6636
6510
6457
6676
7010
7677
7501
7078
6926
7185
6891
6746
6685
6679
6660
6575
6579
6458
6334
6034
6206
6626
5950
5622
5925
5986
5978
6327
6418
5604
6284
6376
6371
6280
6114
7351
7972
7942
7915
7764
7571
7502
7486
7117
6837
6817
6237
5911
5780
5613
5845
5973
5870
5634
5196
4286
5260
5946
5921
5703
5154
7089
7688
6969
6814
7954
7863
7706
5823
7215
6698
6546
5913
6452
5718
5375
5272
4867
6346
6694
6781
5587
5255
5144
5011
5093
5599
5493
5481
5114
5306
4268
4485
4296
3946
4857
4859
4689
4655
4537
4979
5991
5803
5758
5656
5431
5421
5359
5251
6567
5230
6398
4249
3847
4166
4592
4899
4445
4127
4846
4514
5373
6154
6182
7118
7018
7121
6281
7287
7184
6866
7101
6707
6291
6509
6134
6349
6200
6282
6239
6600
7604
7462
7394
7367
6820
6752
7540
6665
7251
7004
6827
6322
6003
5846
6637
6547
6350
6008
5873
5631
5523
5830
7137
7481
7281
7474
7204
7147
6983
7136
6941
6715
7228
6933
6361
5802
5791
5484
5358
5338
5267
6373
5968
5893
5723
5113
5903
6063
6478
6375
6129
5545
5881
5223
5939
5708
5384
5990
6238
6265
5754
6102
6056
5575
4742
5711
5311
5271
5156
5682
5343
5118
5049
4906
5013
5012
4289
4055
4140
5056
4644
3903
4101
3967
3743
3391
2935
3490
3015
2844
2842
2794
3818
4684
4626
3866
3766
3650
4821
7156
6948
6149
5609
6014
6625
6211
6072
5898
5894
5746
5959
5817
5932
5733
5289
5213
5000
4894
4919
4557
5573
4847
5050
4920
4770
4691
4683
4595
4256
4620
4208
4461
4102
3641
4134
4388
5169
5614
7025
6789
6518
6557
6496
5694
5820
5792
5901
5879
5663
5704
5432
5216
5288
4903
5197
4881
4850
5147
5422
6682
6455
6358
6513
6319
6004
4812
4505
4493
4261
4405
4312
4225
3762
3528
4059
3583
3677
4902
4992
4366
4344
5073
4831
4513
4335
3665
4308
4837
4805
4671
4713
3698
4490
4044
3747
3699
3507
3657
3640
3468
3365
3123
2657
4116
3438
6235
3297
4298
3241
2219
2464
3723
4716
2774
3783
5219
4417
4242
3857
3750
3794
5025
5057
4936
7303
4823
4825
4333
4675
4649
4801
5117
5576
5444
5044
4878
4607
4453
7055
3901
4443
4407
4097
4098
4347
4926
4950
4755
4731
4135
4509
4129
3977
3959
3613
3135
3575
3874
4118
3305
3189
3404
3249
3745
3848
3751
3288
3578
3456
3454
3358
3651
3401
3263
3187
3022
2884
2875
3430
4378
3906
1589
3093
3231
3094
2747
2589
2923
2398
3079
2809
2947
2673
3107
2455
2242
1947
1748
1687
2161
1724
1595
1480
2459
2100
2098
1583
1730
4932
1671
2123
2409
3076
2516
2321
2415
2355
1901
2953
2738
2737
1826
1625
3146
3429
2834
3488
3406
3402
3278
3311
3032
4365
4245
3791
3508
3654
3501
3476
3408
3489
2856
3282
2833
3894
3666
3622
3420
4910
4223
4665
6316
5740
5942
5462
5864
5461
4990
4633
4609
4017
4150
5492
4613
4501
5054
5548
5653
5495
5146
5063
4947
5140
4761
4648
4813
4786
4034
4143
3831
3845
4425
4354
4107
4080
3879
3690
3447
3236
2118
3405
3467
3485
3426
3063
3325
2949
3245
3882
3771
3400
3243
3182
3092
3276
3143
3313
3072
3136
2650
2522
2062
2151
2820
4238
4960
4798
4218
3868
3700
3913
3804
3353
4653
3606
3233
2967
2704
2381
2110
1853
1360
1648
1852
2038
1512
2746
1162
611
2301
2441
1984
1795
1376
1193
1303
1351
1582
2087
1889
2251
2411
4554
4527
3811
4119
4232
4033
3746
4244
3808
3443
3038
3604
3819
3633
3891
4068
3796
3513
3493
3449
3436
3188
2792
3364
3163
3889
4756
4195
4930
4834
3789
3787
3101
2963
3883
4179
5266
5225
4313
3658
2356
2955
3852
4734
4715
6097
5998
5737
5068
5546
4789
5031
3773
4895
4500
5133
5061
4981
5670
4870
5621
4709
4839
4606
3828
3512
3777
4160
4159
4010
4112
3895
3784
3707
3446
3130
3110
3104
2542
3877
3251
4233
4487
3078
2097
2283
1266
1153
2126
2439
2375
2328
3034
2413
2215
1433
1205
1161
1113
1035
781
1092
1777
2313
2067
2801
2756
2731
2412
2049
1876
1913
4035
3392
3800
4975
4704
4681
4463
4065
3953
3930
3820
3810
2811
2308
2682
2661
2652
3899
3509
3016
3002
2526
2403
2314
3005
2218
2209
1701
1818
1823
1662
1965
1301
1296
1194
1140
927
788
1646
1729
1420
1066
1160
1567
2061
1798
2271
2582
2058
1902
1849
2056
2916
2482
2787
2675
1755
2905
2563
3061
2329
2259
1894
1764
1796
4192
4130
3058
2998
2433
2986
3218
3600
3395
3310
4090
4029
3719
3054
2882
3663
2692
1845
3185
3166
3096
3199
2941
3361
3357
2754
2467
3659
2898
2996
2641
2442
2767
3505
2939
2806
2202
3380
3102
2562
2290
2108
1782
2011
2600
3441
3071
2911
2580
2799
2358
2326
2289
2223
2113
1797
1166
1074
1559
2431
2481
2870
2305
2262
1878
1554
1741
1278
2022
3139
2990
2052
1946
1846
1775
1731
1757
1518
1552
1217
921
1407
2212
1959
1630
1792
1482
1475
1737
1353
1473
1372
1352
1073
1071
1001
1272
1574
1498
378
1229
744
308
1386
1357
612
879
866
1198
588
310
875
937
529
613
2245
1809
2770
2764
2733
2702
2640
2637
2296
2199
2093
1612
1505
1682
2195
1877
1363
1019
1497
1445
1394
1132
650
525
603
593
97
242
543
2288
2027
1736
1808
1392
1222
896
846
840
724
661
482
566
777
671
762
1532
1203
1350
1674
3393
2353
2081
1536
2810
1336
895
1676
1657
1565
2178
1933
2023
2171
1989
1839
1629
1508
1502
1315
1860
1509
512
1524
1939
1184
425
149
1189
589
491
437
191
30
602
884
1020
828
1910
1457
1400
1369
1133
1152
1968
1958
1725
1179
1137
1182
1284
975
904
970
597
362
332
628
1025
1072
864
656
747
854
757
396
294
1154
892
539
364
426
961
903
1096
685
458
15
230
352
848
3558
1632
338
112
47
150
453
303
154
83
144
235
713
556
664
257
68
648
322
442
358
522
483
256
534
1307
127
318
768
289
353
188
315
920
1581
1673
2377
1758
1485
1004
1094
447
1848
1364
1297
1331
888
1428
2560
1754
1708
1620
1539
881
847
1954
706
1346
767
17
462
1010
2479
2225
932
639
551
796
922
842
552
797
669
395
445
714
326
193
1280
1580
917
581
764
701
412
410
373
93
147
163
1033
1879
1223
859
1192
185
335
397
64
472
288
157
666
959
693
206
825
405
2175
1486
1221
876
1481
1545
1305
1056
1027
346
1165
1070
978
389
244
204
283
75
380
192
190
415
496
1365
803
530
345
224
554
2521
407
2
54
172
3342
1138
826
1265
1043
699
837
1911
994
638
737
1726
1641
865
652
720
558
411
292
232
320
51
22
102
454
1031
663
423
155
1
142
53
88
148
99
528
