7806
7763
7602
7522
7471
7800
7917
7934
7849
7444
7053
7994
7876
7467
7218
7648
7740
7805
7802
7308
7749
7232
7115
7246
7270
7754
7221
6652
7333
7866
6667
7044
7366
7424
7321
7317
7544
7442
7404
7318
7110
7155
7125
6556
6757
7418
7164
7819
7818
7817
7673
7616
7721
7666
7235
7498
7000
6896
6818
6826
6850
6825
6937
6514
7067
6623
6440
6498
6474
6285
6773
7087
7909
7795
6927
7538
7896
7743
7734
7945
7887
7730
7494
7154
7128
6541
6044
6337
5987
5671
5875
5851
5807
5513
6645
6356
6845
6244
6069
6480
7903
7613
7588
7606
7075
7966
7965
7572
7658
7839
7294
7547
7799
7871
7786
7643
7480
7402
7434
6986
7124
7773
7122
7107
7733
7178
6965
7944
7973
7913
7879
7803
7742
7697
7430
7196
7545
7349
7266
7899
7832
7979
7813
7482
7812
7708
7447
7129
7088
7031
6755
6483
6475
5994
5570
6454
6861
6909
7507
7970
7309
7160
7189
7161
7042
7023
5793
6856
7998
7834
7183
6990
6874
7152
6984
6765
6619
6565
6529
6879
7037
6871
6680
6264
6117
6158
7334
7391
7523
7493
7140
6532
6383
5564
6726
6586
7059
6345
6470
5928
5936
5992
6062
5295
6943
7368
6561
6553
7170
6749
6491
5868
5617
6031
5269
4721
5527
5666
5014
5562
5275
5202
5205
5122
4863
5101
5506
5332
5088
4727
5391
5886
5512
6053
5849
5120
5032
5023
5313
5588
5103
5832
5590
5458
5403
5445
5412
5394
5233
5258
7030
7028
6751
6406
6335
5890
5676
5672
6955
6162
6396
6183
6107
6352
6111
6192
6078
5505
5363
5971
6100
6438
5827
5507
5865
6379
6815
6230
6105
6249
6443
7997
7229
7566
7461
6549
5952
6155
5772
5521
5330
5848
5814
5597
5699
6103
5757
6049
6632
7261
6880
7977
7247
7208
6806
6329
6442
6314
6340
6256
6307
6842
5752
5522
6234
6148
6108
6248
5897
5446
4561
4584
5043
4803
4415
4853
4315
4117
6041
5624
4651
4482
5155
5163
4942
5104
4869
4168
4180
4149
4042
3652
4063
3214
3529
5454
5371
5410
5721
5087
4929
5964
5787
5123
4759
4540
4780
4654
4999
4705
5438
4511
4474
4515
4177
5298
5245
4954
4300
5080
5074
4375
4782
4935
4667
5055
4916
4587
4703
5210
5919
5915
5244
5237
5083
5095
5018
4817
4787
4632
4611
4578
4275
4469
4353
4173
4073
4270
4251
4468
4273
4138
4165
3687
3856
3861
3483
3816
3924
3066
3465
4046
4276
3961
3904
4049
4131
4369
4236
4145
4089
4076
4025
4077
4072
5502
3951
3423
3902
3693
3506
3450
3753
3869
3814
4302
4430
4428
4610
4374
4635
4009
4011
4008
5805
5419
6413
6487
5765
5734
4774
5280
5232
5415
6246
5980
5857
6428
7594
5625
6260
7001
5322
5208
4887
5317
4994
5036
6578
6348
6095
5641
5632
5606
5436
5309
5220
5211
5186
5162
4741
4535
4395
4546
4702
4688
5361
6639
6392
6385
6229
5957
6973
7039
6939
6889
6831
6692
6382
6576
5834
6085
5598
5842
5497
5176
3956
5064
4565
4434
3767
4019
3853
4123
3675
3534
4382
3343
3309
3927
4497
4327
3994
3585
3910
4213
4051
3664
4941
4957
4776
4680
4348
4183
4383
3722
3588
3548
3972
3381
3716
3610
4530
4495
4433
4075
4342
3873
4136
3718
4237
3757
3644
3576
4174
4013
4196
4099
4194
3546
3212
2938
3155
3366
2948
3069
3141
3822
3793
3550
3240
2742
3511
3164
2544
2477
4016
3025
3062
3055
3348
3352
3520
3703
4745
4226
3682
4096
3712
3522
3377
3131
3108
3674
3989
3033
3009
2919
2622
2424
2513
2713
3073
2559
2506
2964
1830
2046
3023
2957
2930
2937
2858
2912
2808
2696
2211
2606
2599
2785
3683
3662
3582
3295
3608
3586
3375
3269
3204
2480
3525
2804
2311
2143
1843
2700
2458
2472
2402
1408
2320
3252
2958
2380
2369
2895
3280
3113
3390
3100
4058
4211
3499
3407
3165
3162
3559
3696
3480
3459
3367
3174
3111
3068
2045
2821
3346
3209
3695
3515
3086
2961
2508
2261
2089
2041
3116
2777
2066
2711
3215
2780
2901
2576
3834
2578
2877
3470
4389
2591
2389
2619
1672
4345
1667
1890
2414
2691
1507
1769
1768
1329
1290
1286
1304
1970
1940
1794
870
843
946
905
1274
1721
795
1069
1643
1537
1573
1540
1291
1200
1199
1139
1158
960
1611
1235
822
776
544
431
587
860
761
1835
2053
2850
2779
1838
1806
1778
1642
1450
916
948
1426
2537
2659
2853
2718
2374
1997
1926
1718
1819
1215
1542
1359
897
824
775
555
782
343
403
342
311
81
233
196
166
314
751
610
1063
269
2191
2889
2423
2390
1613
2492
2519
2265
2246
1753
2227
1711
2090
2775
1963
2021
2595
2594
1944
2454
1905
2300
2254
3050
2894
2070
1909
1898
1883
1880
1812
1344
1692
1361
1801
983
912
624
1431
1598
467
246
321
1130
943
804
12
1081
1118
1216
1644
1430
1572
434
801
1298
1619
1897
2003
1967
2255
1799
1520
836
2444
2448
2086
2051
2035
1960
1617
1470
1836
1227
1120
936
365
428
34
363
1587
1922
3105
2860
3024
3248
3758
4918
4637
4322
5633
6528
6466
5989
5760
4751
4250
5413
6778
7275
6662
7479
7981
6854
7874
7645
6555
6305
6591
6542
6444
7339
6964
6713
6407
6136
5603
6207
6220
5944
5170
4750
4627
4299
4222
4161
3862
3706
3262
3142
3445
3059
4602
5477
5385
5105
4542
4085
2985
6139
5920
6048
6196
7707
7893
7134
7670
7957
6905
7857
7996
7716
7293
7236
7158
7024
6851
7383
6697
6603
6570
6429
7495
6213
6311
5735
5483
4993
6318
6232
7592
7983
7827
7389
7377
7051
7041
6690
6720
6571
6580
6421
7378
7851
7864
7984
7532
7432
7238
7065
7605
6899
6754
6750
6380
5958
5933
6791
5813
5812
5954
5811
6409
7768
6507
6268
6317
6227
5799
5060
5151
5938
6210
5810
5783
5517
4517
6308
6787
6127
6251
6590
6068
5949
5914
5027
5071
5137
4971
4838
4725
4560
4897
4477
4419
4349
4193
5129
5714
5781
5649
5637
5400
5381
5228
4809
5145
5540
5382
4964
4480
4012
3702
3510
2611
3138
3115
2813
2758
3472
2876
2874
3970
4413
4848
3685
3570
3500
3330
3202
3011
3000
2530
2401
2164
2036
1767
2273
2189
2368
2405
2871
2437
2968
2862
2383
2612
2318
1688
1647
1417
2688
3152
2539
2069
1750
2486
2533
2429
3563
4269
4642
4576
4829
4552
4452
4350
4265
4310
4414
4410
4292
4037
4252
4791
4730
5193
5360
5554
5689
5320
5278
5108
5052
4958
5252
5719
5345
5084
4987
5647
5853
6704
5405
5912
6640
5741
5028
4816
5022
6961
6810
5541
5535
5207
5079
4710
4968
5489
4766
3437
4634
4451
4397
4246
3637
3190
2984
4175
3729
3607
3181
2965
2598
2587
1669
2148
2384
3257
3339
4819
4966
4928
4822
4820
4616
4484
4220
3983
3884
3336
3323
2908
2952
3566
4359
4411
3169
3028
2920
2992
2851
1921
2914
2768
2672
3624
4334
4203
4167
3968
3704
3580
3396
3206
2449
2646
2520
2445
2465
1987
1742
1685
1862
2013
1802
2651
3203
4431
3897
3053
2781
3590
4024
3865
3639
3780
3740
3533
2734
3846
4191
3805
3935
3795
3774
3872
3627
3725
3567
3539
2551
2382
2913
3167
2825
2373
2660
3363
3160
3091
2983
2974
2686
2008
2244
2170
2366
3996
1998
2050
2059
1988
2291
2221
2488
2502
2453
1323
3158
3198
4343
2428
3371
2359
1990
2297
2065
1745
1599
1811
2071
3056
2892
2496
1991
1734
1597
1302
1453
1732
1541
1722
1547
1167
1388
2425
694
658
1314
1257
524
519
1087
1579
1040
1591
2667
2207
1980
2060
1976
660
223
538
1871
1936
1749
1626
1260
883
1621
606
675
518
877
1548
1432
1425
1287
1325
1061
823
463
640
659
1102
951
429
284
114
401
82
40
705
214
8
821
591
535
439
436
417
92
10
536
58
655
1368
1487
1443
1448
1327
1187
474
923
451
384
438
989
488
427
391
1041
90
1253
66
394
409
181
207
1318
2157
1822
1149
1242
1277
2133
1738
1460
1275
1247
1036
604
746
1478
1415
734
1218
1471
368
1311
1238
476
295
1776
1751
1515
1441
1324
861
818
1244
501
1168
636
1013
1108
816
831
375
132
125
179
374
461
547
248
229
178
138
123
732
450
160
119
1224
858
274
359
1451
76
72
13
32
231
1735
1609
1575
1348
1248
1490
1384
1196
1089
1992
1928
1447
902
742
1052
645
1045
387
59
537
609
402
379
5
616
830
372
186
291
287
774
285
189
1362
29
275
727
573
563
787
2240
1444
1423
784
3928
514
383
183
49
158
50
110
517
39
146
0
730
2032
