7889
7714
7297
7476
7159
6706
7636
7237
6653
6621
6098
6087
5638
5268
5930
7982
7935
7356
7488
6944
7557
7285
7589
6515
6320
5411
5327
5135
6922
4367
5841
4465
3950
3422
2569
3849
2372
3621
3943
2350
2154
2129
2002
2025
1190
1047
1680
1439
1380
1175
1269
3530
1535
1032
703
665
878
642
618
432
238
239
595
481
974
95
4518
5983
7379
6913
5426
4583
6070
6916
6884
7103
7950
7810
6793
6952
7537
6910
6766
6722
6718
6647
6141
5900
5825
5705
5782
5706
4646
3880
4373
3975
3673
3597
3369
3103
2971
3285
5224
5510
6222
5657
5574
6445
6101
5152
4471
4429
4146
4961
5328
5051
3830
3268
3415
3535
3362
3265
2975
2896
2969
3684
3486
3761
2885
2855
2460
2835
2791
3122
3074
2727
2654
2131
2789
2466
2391
939
2306
2629
2176
2145
2107
2054
1600
1483
2007
1842
1584
1659
2282
2843
2564
2028
1747
2869
574
1393
1409
736
355
328
290
280
197
918
557
145
159
258
37
1623
2228
