7549
7684
7992
7927
7752
7668
7715
7458
7563
7959
7511
7611
7188
7858
6388
7543
7916
7985
7694
6024
7296
7210
7491
7586
7330
7392
7980
7731
7595
7585
7823
6900
6763
6524
6404
7417
6996
6858
6908
6602
7468
7283
7116
7385
7446
7426
7328
7305
6873
7162
6960
6741
6829
6816
6912
7111
6928
6872
7062
7804
7723
7609
7460
7340
7267
7554
7610
7888
7374
7311
6936
6417
7999
7811
7657
7527
6258
6564
6760
6598
7310
7665
7512
6885
7386
7066
6987
6846
6472
6408
6359
6247
6367
6342
7269
6978
6911
6511
5876
6161
5720
5396
5543
5572
5395
4891
4769
4883
5999
5204
5482
6166
5988
6039
6110
5466
5351
5326
5440
5854
5763
5847
6795
6703
6174
6096
6673
6666
6753
6544
5776
5662
6657
4757
4824
5020
6020
5794
5310
5727
5677
4466
4355
5514
5037
4835
4176
4420
5654
5470
4924
6015
7056
6735
6867
7094
6504
6362
7194
7278
5975
5577
7614
7886
7496
7435
7580
7601
7508
7766
7632
7487
7343
7197
7286
7061
7627
7105
6833
6780
6802
7252
7233
6729
6218
7092
7026
7686
7931
7727
7900
7809
7359
7043
6531
6501
6469
6384
6377
7770
7709
6486
7211
7628
7761
7526
7365
6981
7570
7082
7295
5982
6714
6725
6744
6883
6838
6709
6360
6181
7667
6770
5929
4965
5906
5797
5940
5713
5808
5955
6011
6133
5904
5762
5668
6187
6624
6257
5342
6025
5869
5190
7021
7085
7683
7497
7375
6847
6785
6168
6727
6581
6328
6225
7040
6178
6071
6164
5996
6118
5722
5423
5607
6131
6153
5863
5771
4695
5700
5090
4568
4404
5367
5039
5131
4799
4945
5563
5503
4862
4539
5691
5138
5086
4748
4598
3855
3411
3316
3221
4103
4038
4087
3057
4050
3403
4284
4673
4502
4169
4100
5149
4840
4828
5029
4172
4285
4614
3734
3077
4677
4621
3478
2852
4400
5300
4692
3850
4048
3713
3261
2931
2239
2493
3109
4541
5474
5374
4615
4456
2943
2798
4470
4321
4126
3679
3495
5035
3965
3354
3247
3984
3571
3201
3306
1948
2514
4652
5344
5786
5314
4956
4934
4764
4516
4504
4464
4441
4426
3741
4325
4836
4724
4679
3812
4153
4650
4301
3833
3813
3838
3829
2849
2823
4205
3616
3893
3496
3087
3334
3562
3344
3329
3013
3599
4027
3321
3727
5274
4391
4432
3923
4380
5945
5249
5150
5173
4337
4765
4124
3638
3603
3552
2631
4458
4396
4093
3448
3314
3431
3219
3004
3200
2979
2836
2796
2681
2075
1814
2782
2385
2136
2944
2127
2928
3553
2697
1983
1943
1779
1250
3026
3302
3452
3955
4811
4257
3952
3744
4503
4735
4582
4790
4363
4314
4290
5924
5443
5393
6339
6167
7304
7166
7099
7655
6962
6608
6476
6895
7974
7337
7437
7747
7414
7327
7145
7906
7756
7745
7505
7064
6945
6306
6042
5892
7584
7735
7828
7885
7582
7436
7454
7420
7098
7034
6701
7654
7933
7382
7664
7253
7704
7173
6974
7168
7369
7113
6582
6271
5100
4732
7841
7635
7492
7322
7231
5984
5907
5610
5552
5183
5142
3749
3150
3140
2670
2636
4360
6488
6219
6493
7427
6650
6269
6995
7292
6453
6634
6748
5701
5642
5651
5325
5048
4685
5293
5555
5286
6412
5529
5877
4927
5348
4664
4808
4589
4529
4227
3843
4955
5265
5282
6848
4264
4079
4856
4023
4448
4647
4525
3244
2712
2565
2406
3612
5070
5398
4888
4728
4747
7148
6711
6651
6446
6426
6297
5828
5816
6696
6533
6353
6594
6226
5457
5119
5414
4763
4917
6274
6811
5756
5312
6296
6121
5963
5537
5323
5194
5695
5024
4784
4788
4963
3714
3120
2766
5017
4737
4449
4319
5297
4412
4336
4111
4216
3587
4698
3462
3399
3724
3934
4291
5246
4421
4376
4078
4330
3351
3338
3689
5287
5257
4402
3907
4147
3809
4026
3630
2997
3772
3573
3457
3835
3427
3418
3220
3132
3195
2891
2933
3114
2269
3161
3083
3524
2993
3318
2988
2978
2946
2680
2632
2463
3397
4659
4069
4915
5524
4912
4898
4303
4693
4473
4204
3980
5178
5077
4543
4151
4081
3274
2847
2103
1789
3246
3192
3125
1715
1349
2272
3207
1635
3705
3614
3451
3987
3018
5569
3223
2976
2166
2945
3708
2197
2043
1950
3085
2786
2881
2349
2333
2085
2165
1867
2147
2135
2511
2829
2337
2026
1986
1523
809
738
2263
2709
2115
3027
2180
2106
1528
1660
1495
1090
615
710
686
16
629
1791
1727
1452
1566
1446
899
2235
1634
3645
3428
3227
2812
3003
3095
3237
2788
2771
2590
2639
2124
2446
2322
1882
1774
1633
1429
1405
1340
1719
1656
2017
2205
2034
1465
1387
1375
1255
1131
521
545
456
965
1064
874
999
1899
814
889
2557
2367
2325
2077
2200
1343
2039
1677
1476
1234
1743
1804
2117
2723
2348
1125
1049
1015
1164
1123
1232
890
931
1144
952
2158
1237
1544
1341
1824
1434
1281
1501
1406
2922
4512
5033
4004
3711
3469
3036
3012
2275
3444
3279
2319
2310
740
540
596
2649
2841
1817
2668
2679
2671
1493
1339
2012
414
356
1245
1156
941
41
2285
1756
2260
2765
2684
2483
2435
2630
2298
1201
1271
1832
2055
1082
1258
2760
2248
2104
2000
1896
1389
1317
1068
850
792
697
845
677
259
630
299
508
1276
929
691
718
1176
717
182
460
637
690
419
1865
4263
3359
3312
2819
2795
2512
1854
1555
1590
2174
1367
212
1254
1653
1557
1170
3007
1772
1472
1468
1060
601
504
452
1046
962
812
643
568
1172
790
103
1533
298
249
151
79
497
7
502
561
6
1105
1107
731
1219
1912
4309
829
779
998
1173
679
644
85
607
582
676
382
340
250
262
106
599
441
580
986
1793
1810
1850
1805
1418
1355
608
1021
131
919
1099
505
600
234
721
583
440
1851
934
341
261
31
265
23
101
105
313
42
337
319
140
86
282
21
2832
260
210
1923
1714
498
750
271
228
139
1707
65
1624
3790
1678
1005
28
780
278
772
1188
344
3732
915
121
2655
2220
711
406
3127
5475
4983
4209
3636
3527
4669
3387
3304
2973
1981
2397
1546
2299
4022
3775
3760
2839
2918
4092
4408
4372
4110
3572
3287
2608
2399
2362
2072
3273
3435
3019
3669
3149
2307
2152
1733
1681
1299
1531
1695
1210
2434
2740
2705
2547
2196
1614
1607
1395
1051
1211
926
1023
1014
1088
1076
1292
947
136
254
654
614
1875
134
330
430
976
2120
1233
739
1136
3589
2658
1972
1784
1213
1391
1110
24
2868
2217
1117
1966
575
2621
2577
2468
2268
1689
1585
1543
1461
1401
564
3620
2422
756
