7400
7908
7516
7870
7987
7421
7663
7644
7623
7429
7577
7302
7978
7624
7926
7784
7457
6985
7198
7033
7962
7301
7791
7268
7201
6935
5981
5742
7300
6839
7681
7923
7520
7217
7357
7193
7038
6953
7995
7797
7792
7315
7324
7621
7560
7848
7362
7280
7284
7465
7130
7157
7207
7241
7248
7011
7119
6783
6439
6607
6436
6658
6683
6627
6499
6495
6691
6852
7205
7195
7182
7607
7676
7701
7456
6958
6841
6702
6688
6897
6782
6797
6123
6686
6512
6212
6655
6534
7047
6784
7165
6747
6708
6045
6779
7373
6355
5743
6338
5509
6021
6224
6202
6038
5927
5584
6400
6391
6354
7443
6051
6009
5687
5441
5397
5058
5467
5450
5198
4991
5525
6705
5748
7265
7425
5909
6420
7836
7617
6159
6150
6635
6090
5646
6130
6433
5583
5240
5203
5974
5829
5364
5128
5589
5357
5937
6092
6289
5640
5425
5880
6112
5316
5125
4570
4526
3763
4154
4186
3999
3851
3776
3626
4070
4492
4868
5214
4636
5378
5276
6956
7641
6132
6007
6060
5862
5717
5692
5165
4678
5350
4567
5002
4563
4843
4901
6430
6208
6431
6772
7986
7046
7831
7880
7452
6998
7200
6877
6737
6577
6886
6865
6573
5239
6378
6387
6188
7568
7956
7955
7890
6982
6059
6535
6401
6456
6617
7712
7861
7796
7867
7873
7695
6172
4879
7478
7790
7844
7109
7850
7084
7449
7179
7012
6786
6058
6894
6736
6526
6390
6979
7918
7846
7174
7202
7072
7552
7898
7975
7565
6771
7473
7696
7884
7393
7776
7548
7331
7112
6434
7990
7787
7737
7826
7685
7947
7659
7529
7463
7450
6733
6562
5943
7341
7845
7230
6633
6326
6646
6758
7070
7477
6276
5985
6241
6695
7852
7883
7937
7535
7338
6834
7835
6813
6609
5750
6630
7710
7633
6898
7591
7576
7347
7472
7273
7306
7222
7015
7578
7546
7925
7049
7032
7528
7767
7453
7350
7187
7029
6805
6742
6764
7781
7095
6664
6389
6716
7036
7840
7656
7693
7564
7290
6966
7093
6870
6882
6932
6605
6559
6548
6425
5956
7953
5690
5459
5434
5650
5550
6422
6684
6554
5951
5977
5966
6808
6243
6145
6266
5795
6125
5806
5815
6028
6065
5759
6135
5612
6520
5710
5702
5586
7063
5774
5596
6832
6569
4686
5250
5547
5433
4969
5418
5182
5644
5916
5798
5745
5530
5157
5480
5739
5962
5773
5499
5715
6997
7780
6616
6321
5788
7513
7699
7360
7352
7172
7323
7206
6777
6661
7057
6888
6572
7069
7555
7949
7289
7258
7045
6462
6370
6052
5859
6681
7076
7958
7951
6604
7882
6451
6262
6179
6074
6209
6067
6017
6046
6904
5775
6479
6423
5850
6595
6144
5623
5496
5675
5284
5594
5356
5042
5520
5347
5544
6223
5468
5059
5696
6347
6489
6341
6551
6775
6731
6301
6325
5821
6088
5578
6798
7022
6821
6464
6463
5801
5867
5769
4998
4832
4740
4707
4687
4779
5429
5534
5116
4980
4871
5455
5247
5227
5354
5526
5390
5235
4909
6143
5601
5112
5069
4908
5209
5066
5161
5167
5141
5111
5442
5476
4985
5372
5337
5291
4717
4913
4914
4861
4806
4700
4538
4860
4663
5001
4624
4562
4604
4409
4381
4603
5469
5148
5132
4162
4854
4036
4240
3941
3341
2803
4002
5098
5340
4387
4572
5318
4638
4555
4447
4577
4279
4104
3936
4785
4507
4444
4267
4486
4311
4184
7363
6481
6043
4006
7650
7320
7245
7083
7409
7371
6993
6972
6819
6957
6527
6517
6416
6357
6368
6566
6286
6091
5866
5580
5767
5465
5256
5175
5698
6309
4984
4794
4701
3973
3966
3786
4230
5683
5406
5402
5166
4925
4229
5261
4091
6032
5674
5608
5365
6080
5315
5040
6365
5153
5511
6762
6649
5667
5498
5858
6216
6323
6184
5804
5281
4804
4403
4622
5021
4995
4708
4697
4696
4628
4660
4933
4833
5034
4872
5882
5726
4605
4574
4549
4668
4475
4015
3859
3826
4532
3649
4450
4329
4039
4645
4722
4962
4940
4989
4977
4988
4199
4670
4459
4320
4873
4585
4720
4536
4340
4280
3660
5215
4181
4255
4231
4095
3988
3385
3216
3715
3643
3097
3294
3440
3137
3048
3044
3680
4214
4608
4496
4084
4827
4234
3547
2828
2527
2989
2966
3043
3434
3925
4061
4283
4031
3532
3656
3781
3568
3106
2959
2735
2824
3088
2706
3458
3355
3383
4271
4105
3958
3373
4479
4266
5124
5121
4858
4170
3672
4581
4556
4398
4370
4228
3982
3605
3183
2960
2677
2656
2471
2407
3686
2936
2814
2865
2627
2501
3170
3933
3284
3340
3217
2474
2518
2940
5600
3545
4457
3886
3678
3551
3320
3064
3256
2879
2769
2504
1571
2393
2266
2315
2822
2689
2169
1955
1664
2365
2279
1840
1549
1091
1169
2635
2312
1095
1661
988
2295
1093
977
1813
2633
2904
2749
2187
3211
3175
2863
3035
2840
2741
2490
2267
2109
2137
2159
2450
2421
3497
3464
3177
3466
3720
3516
3147
2867
2376
3173
3471
2226
1999
2264
2247
2173
2033
1930
2379
2934
2932
4278
4973
5329
4418
4178
4551
4066
3646
3126
2899
3326
3584
2728
2665
2722
2725
2258
1924
2451
2485
7219
2592
2903
2854
2761
2745
2715
2556
2438
2388
2417
2234
2395
2416
3191
3235
2701
2253
2057
1529
2144
2078
1356
2095
2168
2088
2020
1561
2010
1569
1658
1383
1957
982
1240
1521
953
933
956
1283
1900
1231
1858
1787
2101
1844
1941
1675
1752
1694
1279
1042
1578
1568
1374
1370
1326
1236
1300
673
1601
1469
1723
1503
1455
1421
1436
799
707
913
949
1273
1209
813
749
617
457
490
885
908
680
550
475
349
413
296
220
57
236
510
1128
1919
1705
1650
1177
1022
958
1157
270
1155
900
808
745
1135
641
578
324
323
302
1059
753
725
532
113
1134
1058
981
856
533
367
386
133
14
187
444
553
620
651
381
370
167
503
489
993
907
569
486
416
681
667
619
301
94
1908
898
793
1000
906
2281
3779
1927
3642
3878
4158
4736
2461
2509
2815
3821
3892
3504
3473
2763
4156
3382
3914
3870
3543
3356
3291
3271
2759
2643
3308
3319
3272
3082
2487
2419
2162
2347
3020
2292
1964
2357
2317
2082
1739
1700
1918
752
1309
855
1382
1261
1454
2489
2190
2505
3962
4003
4235
4274
4005
3792
3574
3554
3180
3067
2751
3726
3376
3739
3332
3300
3171
2995
2954
2925
2773
4307
4295
4253
4021
3764
3748
4462
3542
3498
3360
3518
3286
3260
2603
2614
2664
4144
3482
4800
3963
3947
3876
6047
3151
3863
4591
4855
4842
4657
4499
4182
3803
4531
5075
5026
5067
5008
5184
5174
5016
4564
4753
4422
4164
4148
4115
4394
4379
4884
5030
5941
5831
5304
4978
4594
5339
5333
5768
6302
5551
5528
5362
5305
4943
5212
4904
4522
4547
4067
4215
4467
4454
4210
4442
4438
4967
4478
4358
3239
4122
4155
4293
6026
5931
5770
5686
5451
5290
6656
4601
4489
4386
4332
4190
3335
2897
5099
4579
4109
4054
3709
3759
3491
3479
3594
3561
2857
4137
4018
3940
3885
4094
3854
4043
3730
3976
3799
6115
3670
3701
3619
3617
3179
3307
2864
2588
2609
3224
3667
3296
3985
3844
3827
5888
4316
4239
4157
4141
4970
4593
4588
3556
2970
3337
3609
2714
2845
3021
3159
3327
3194
3222
2420
2030
1833
2536
2352
2396
2354
2153
2341
2005
2256
2478
1761
1385
1335
1466
1373
1334
1807
1183
4746
990
1800
1868
3778
3254
3905
4108
3632
3521
3592
3628
3193
4032
3523
3424
3322
3230
3129
3090
3349
6106
4221
3414
3368
2732
2753
3128
2784
2699
2642
2554
2624
2750
3118
3070
3232
2942
3014
2586
3277
3258
3098
3001
2980
2921
2596
1594
2708
2693
2469
2042
2044
2574
2216
2831
2523
3133
2972
2926
2370
2363
2581
2185
2343
3176
3315
2503
2304
2214
1920
2236
1866
1874
2332
2524
1952
1570
1513
1576
758
1710
2074
6648
1914
2001
1467
2172
1781
2342
1977
1638
1654
1377
995
1151
2330
2015
1770
3463
3047
2210
2149
2826
1978
1449
1592
1825
1404
1456
1347
1526
911
478
1077
1717
1712
1706
1679
1282
984
1098
1038
255
118
213
1765
1312
2080
2499
2535
2286
2243
3264
3481
2736
2669
2558
1949
2079
2293
3154
2647
2436
1904
2552
2456
2873
1859
1702
1828
1208
1115
817
1538
1697
1847
794
2208
2284
2063
1942
2121
2119
1932
1651
1037
1378
1477
1338
1410
1396
950
1121
971
692
546
477
715
605
1100
470
468
390
211
786
516
832
1212
404
398
759
647
420
399
184
152
2593
1230
2257
1916
985
841
567
485
336
27
1142
584
19
506
1054
894
1435
446
218
156
44
71
122
89
227
215
541
627
763
1649
1398
1869
1605
2237
2739
1895
1783
2177
2181
2778
1763
1925
1709
1381
1556
1511
3156
1494
867
1330
1504
1026
357
1159
1111
1220
1328
1106
1084
1062
973
783
369
1527
1345
1008
526
741
1204
901
851
245
635
241
560
199
579
698
944
670
263
91
43
798
704
507
688
678
276
36
272
129
327
465
67
811
820
424
649
162
126
100
1293
800
646
38
576
393
862
914
833
312
253
1463
1097
723
1127
542
1310
225
141
400
61
695
523
221
46
577
2517
1085
1206
565
967
421
709
203
107
219
1320
1228
806
1267
735
499
143
1171
479
887
495
26
771
293
700
243
511
80
4247
