2099
2093
2090
2098
2071
2094
2066
2069
2064
2061
2052
2048
2047
2034
2031
2020
2019
2018
2014
2004
2003
2008
2038
1974
1994
2000
2037
1981
1989
1988
2035
1985
1983
1968
1962
1959
1955
1953
1950
1957
1944
1947
1933
1906
1895
1908
1942
1902
1891
1887
1876
1873
1872
1869
1878
1864
1871
1857
1853
1867
1862
1860
1856
1854
1852
1851
1850
1845
1833
1841
1797
1815
1823
1822
1812
1811
1803
1791
1801
1789
1771
1764
1783
1779
1759
1760
1758
1768
1739
1757
1752
1741
1734
1740
1731
1732
1725
1724
1723
1717
1710
1709
1705
1707
1703
1708
1695
1698
1700
1697
1694
1688
1681
1677
1672
1670
1716
1662
1640
1660
1676
1664
1659
1654
1649
1658
1728
1609
1636
1645
1644
1642
1639
1627
1626
1625
1611
1605
1602
1590
1597
1600
1577
1584
1578
1574
1573
1569
1571
1565
1560
1559
1554
1549
1548
1545
1539
1535
1540
1525
1534
1529
1524
1521
1518
1517
1511
1507
1500
1502
1498
1494
1505
1490
1481
1485
1476
1475
1473
1472
1471
1459
1455
1461
1454
1448
1440
1439
1435
1426
1411
1410
1406
1403
1405
1392
1388
1386
1375
1369
1379
1401
1377
1367
1365
1363
1362
1361
1354
1358
1349
1347
1341
1334
1337
1323
1324
1320
1344
1318
1317
1310
1309
1307
1302
1301
1296
1297
1285
1282
1294
1287
1286
1277
1276
1295
1280
1270
1273
1265
1269
1262
1247
1246
1235
1232
1231
1220
1209
1207
1205
1204
1198
1255
1191
1195
1194
1260
1174
1190
1169
1165
1162
1164
1159
1148
1158
1155
1153
1150
1161
1146
1144
1138
1135
1130
1129
1125
1119
1124
1109
1122
1118
1107
1106
1105
1083
1091
1080
1101
1085
1084
1082
1100
1077
1079
1074
1070
1059
1042
1036
1035
1024
1038
1060
1056
1049
1026
1022
1012
1011
1016
1005
1013
1003
999
996
994
990
984
982
980
968
960
979
949
963
952
939
938
934
957
940
923
924
917
909
906
910
914
903
901
905
896
897
890
886
879
894
889
881
878
870
863
856
854
840
842
837
838
839
824
822
811
816
815
804
803
807
801
809
783
833
781
798
787
774
773
770
771
767
761
765
763
749
745
744
757
746
739
742
730
740
736
729
721
716
715
727
711
708
714
701
677
662
700
688
698
681
682
673
671
656
652
660
642
649
647
640
638
634
632
626
620
618
613
609
600
633
608
591
593
583
577
575
572
570
582
562
558
555
551
543
546
554
542
535
526
538
530
524
512
505
502
501
484
498
506
507
483
490
482
476
495
481
464
461
460
454
453
452
450
445
438
859
321
411
434
435
447
392
418
410
408
403
400
413
415
397
391
382
388
398
387
372
370
359
355
353
354
369
352
361
358
337
344
336
333
332
346
323
302
317
316
334
371
303
306
305
290
283
277
285
281
280
264
269
254
266
272
226
251
255
247
239
227
223
218
212
209
184
193
222
173
183
182
178
188
171
176
180
174
170
167
168
165
158
163
160
155
151
150
149
139
141
135
131
130
123
121
118
116
113
108
90
73
82
80
76
70
79
102
56
74
41
64
59
45
28
22
69
55
29
34
25
19
8
15
5
4
