1912
1969
1931
1990
1971
1864
1839
1930
1915
1994
1992
1980
1900
1897
1882
1835
1873
1903
1899
1738
1977
1538
1717
1807
1810
1775
1784
1791
1763
1749
1759
1739
1714
1890
1862
1920
1937
1924
1896
1857
1829
1800
1872
1710
1786
1803
1730
1736
1764
1748
1855
1883
1863
1846
1798
1713
1669
1613
1734
1651
1641
1594
1433
1535
1606
1688
1981
1964
1860
1837
1940
1842
1830
1814
1732
1690
1902
1876
1724
1617
1479
1223
1352
1867
1849
1698
1760
1778
1696
1427
1528
1550
1700
1618
1604
1514
1570
1693
1674
1619
1691
1754
1733
1635
1642
1684
1886
1851
1695
1485
1545
1692
1933
1552
1419
1484
1675
1590
1397
1755
1723
1666
1631
1622
1598
1523
1512
1509
1507
1499
1498
1493
1488
1450
1458
1452
1426
1461
1382
1421
1463
1391
1370
1363
1369
1368
1324
1359
1384
1356
1962
1943
1664
1637
1574
1455
1438
1204
1311
1441
1392
1374
1633
1486
1468
1448
1408
1355
1390
1534
1616
1530
1517
1453
1238
1389
1307
1251
1316
1358
1524
1605
1699
1673
1575
1612
1946
1581
1393
1496
1573
1563
1544
1652
1569
1540
1516
1439
1505
1504
1501
1406
1460
1379
1416
1464
1340
1267
1165
1285
1295
1321
1319
1310
1281
1253
1284
1210
1233
1179
1217
1171
1168
1128
1124
1219
1177
1166
1203
1183
1022
1371
1241
909
1027
960
1073
1140
1142
1138
1107
1059
1148
1004
843
957
939
1058
972
997
1024
1109
1102
1126
1345
1293
1239
1237
1768
1529
1225
1160
1119
1012
976
967
1117
1153
1402
1202
1318
1350
1353
1259
1167
1162
1211
1170
924
892
1112
1127
1154
1090
1042
1131
1069
1258
1164
1270
951
1410
1297
1125
1227
1099
1097
1013
1046
1068
1101
1040
975
1021
932
885
891
984
840
990
826
901
920
713
787
711
656
668
869
841
851
831
835
969
963
926
847
945
1557
954
914
942
1038
919
836
816
778
722
1228
1023
775
765
830
756
597
741
688
783
906
803
751
747
737
793
947
881
792
809
762
739
727
791
720
694
684
689
667
673
624
588
657
647
631
574
530
593
438
538
817
691
1155
978
1731
1905
1745
1500
1409
1000
1686
1951
1593
1632
1338
1367
904
1205
1095
1052
998
871
844
801
766
659
671
1467
1377
899
771
655
719
736
660
686
609
555
616
640
606
690
520
528
755
398
133
319
285
800
519
723
662
19
815
567
544
531
492
419
487
454
388
508
556
601
620
584
580
550
575
547
526
540
502
522
473
242
991
728
1031
1401
1007
1003
735
764
759
849
748
681
701
725
724
679
678
1192
1176
594
490
483
529
472
418
608
535
510
496
482
599
417
400
307
467
466
461
421
431
458
513
649
541
503
406
127
250
1215
182
376
359
151
130
360
437
408
347
336
329
299
233
389
383
305
317
374
340
369
273
489
477
238
402
391
313
208
318
280
248
160
55
36
27
197
152
72
119
232
231
265
209
234
272
506
455
568
595
511
900
464
497
512
443
309
279
222
66
1206
687
789
542
252
217
215
176
167
159
235
81
0
32
164
276
156
91
132
380
327
291
177
162
259
144
190
392
201
26
84
264
226
361
311
204
49
79
70
39
53
149
11
106
102
51
263
88
99
184
225
545
237
154
145
122
135
100
112
94
83
78
77
3
46
33
64
367
20
287
505
621
366
321
692
200
1197
