2088
2081
2076
2087
2086
2073
2063
2056
2049
2054
2027
2023
2017
1984
2050
2045
2041
2010
2007
1966
1977
1978
1973
2039
2036
1816
1925
1972
1939
1941
1956
1948
1924
1889
1859
1848
1922
1921
1907
1904
1893
1884
1866
1861
1863
1838
1836
1828
1826
1810
1805
1793
1790
2058
2046
1916
1909
1897
1865
1827
1813
1800
1795
1780
1773
1770
1785
1798
1817
1846
1794
1796
1778
1756
1712
1747
1746
1748
1766
1755
1754
1721
1713
1714
1745
1743
1715
1738
1701
1693
1690
1686
1685
1692
1647
1729
1550
1504
1434
1423
1381
1329
1629
1643
1657
1680
1687
1673
1671
1665
1653
1663
1652
1623
1619
1617
1631
1630
1621
1633
1570
1575
1599
1616
1601
1586
1572
1551
1547
1546
1537
1533
1514
1567
1561
1541
1530
1523
1441
1421
1495
1492
1484
1488
1506
1699
1614
1598
1580
1532
1526
2089
1499
1497
1404
1424
1433
1458
1436
1463
1416
1432
1417
1415
1413
1412
1408
1382
1373
1351
1342
1330
1393
1390
1359
1248
1284
1254
1325
1356
1385
1368
1366
1339
1333
1326
1311
1264
1224
1292
1266
1087
1062
1081
1221
1303
1251
1242
1243
1229
1226
1234
1225
1217
1230
1208
1186
1177
1147
1160
1203
1202
1214
1212
1218
1211
1199
1200
1197
1192
1188
1187
1184
1149
1181
1163
1121
1127
1097
1126
1133
1114
1116
1088
1073
1050
1043
1040
1065
1051
1048
1029
1017
1014
1019
1004
997
1072
1143
1094
1090
1110
1032
679
857
992
1007
987
1055
989
975
977
976
974
954
973
983
969
959
1001
993
970
931
928
918
955
946
919
900
933
948
930
927
926
907
891
898
895
888
864
884
883
875
874
887
885
869
851
860
855
820
831
818
847
821
797
775
794
724
709
747
741
769
795
827
802
788
764
786
768
752
734
719
726
710
705
704
703
699
691
676
674
663
672
697
685
621
614
631
549
536
574
588
641
658
655
717
690
687
772
858
743
595
686
646
627
617
580
654
651
636
635
623
615
587
598
597
594
533
529
485
561
585
571
563
560
532
493
511
457
475
478
517
497
443
470
439
423
441
509
429
440
431
428
426
421
420
396
385
381
373
350
324
307
298
380
395
427
356
343
284
340
365
318
314
296
292
273
367
412
540
325
282
311
304
275
236
271
258
287
268
250
267
278
240
233
196
177
238
235
257
225
217
219
229
216
189
203
201
200
148
194
185
172
169
161
154
152
157
143
140
132
125
128
112
110
109
104
98
43
66
106
456
228
211
50
12
37
39
36
27
6
107
77
63
120
101
93
32
30
57
44
26
16
14
21
156
243
244
