1999
1979
1947
1965
1787
1949
1909
1891
1869
1834
1741
1702
1993
1906
1725
1649
1948
1859
1881
1991
1986
1985
1847
1826
1877
1822
1648
1720
1808
1942
1792
1766
1747
1721
1647
1845
1765
1609
1234
1157
1487
1796
1289
1998
1640
1583
1532
1513
1254
702
1147
1687
1737
1650
1853
1811
1974
1921
1875
1818
1802
1785
1938
1817
1780
1771
1726
1682
1621
1638
1707
1776
1679
1712
1932
1469
1571
1678
1611
1657
1654
1729
1742
1708
1697
1665
1626
1551
1625
1620
1607
1587
1668
1562
1578
1539
1543
1526
1440
1475
1553
1819
1685
1511
1495
1510
1431
1394
1388
1522
1428
1472
1976
1959
1885
1827
1820
1963
1794
1813
1761
1627
1527
1600
1797
1799
1753
1585
1623
1984
1944
703
1549
1339
1429
1584
1328
1320
1376
1354
1272
1220
1235
1118
1189
1588
1298
1597
1756
1332
1477
1218
1561
1161
1025
1823
867
931
1245
1039
1314
1300
1294
1244
1279
1502
1385
1494
1531
1589
1478
1442
1446
1325
1283
1518
1474
1407
1078
1187
1194
1305
1114
1105
1243
1141
1139
1121
1175
1201
1214
1178
1016
1113
1266
1110
863
1249
902
1159
1349
1250
1198
1108
1064
962
868
1287
1572
973
763
1677
1568
1972
839
822
1182
1173
1070
940
866
856
808
1054
935
1037
888
1076
983
788
980
1028
1014
1057
1136
1080
1143
1026
1029
1015
965
913
956
1009
944
938
936
811
799
873
893
964
886
832
786
802
683
821
782
833
432
780
970
897
859
777
768
718
733
781
933
961
1151
368
559
543
525
820
848
1261
1100
1051
798
864
1050
749
773
742
734
592
560
661
769
740
641
495
627
730
717
699
665
664
612
705
754
680
571
710
622
614
707
682
636
650
1033
880
770
750
729
1089
846
695
645
644
365
344
712
630
617
604
598
587
674
566
515
523
527
607
491
447
558
572
507
611
521
445
478
488
441
442
493
326
341
370
435
436
401
384
377
352
403
17
101
134
320
300
610
430
423
420
25
348
260
213
296
150
314
108
141
333
332
390
474
407
396
462
715
410
486
378
504
501
596
459
364
330
324
345
393
302
274
316
322
323
261
267
199
193
211
221
240
239
205
170
206
195
187
181
115
179
180
121
174
207
331
288
194
114
7
146
61
48
105
52
107
131
12
76
148
92
22
93
71
120
30
41
28
29
110
35
24
4
453
229
293
103
96
603
1221
697
516
271
619
1067
375
173
243
87
80
68
59
63
675
1200
1334
813
581
1443
677
1317
416
294
168
6
449
643
298
266
653
