7556
7260
7600
7910
7853
7364
7167
7514
7355
6332
7608
7930
6857
6109
6205
7395
7313
7096
7878
7071
6859
7821
7757
7263
7724
7691
7620
7517
7967
7943
7758
7682
7868
7599
7401
6659
7384
7005
6537
7048
6465
6403
6738
6459
6641
7567
7068
7897
7894
7862
7739
7256
7345
6303
7017
7163
5796
5658
5591
6919
5784
5519
5045
5009
5559
6929
5231
6169
5934
6006
6113
5582
5177
6971
6759
6312
6263
6177
6614
6592
6950
7561
7224
6942
6500
5630
5427
5970
6790
5567
5871
6351
6980
6261
6539
7669
7993
7971
7822
7499
6768
7675
7649
7171
6774
6019
5730
6333
7445
7553
7441
6615
6587
5664
5217
5471
5319
6189
6482
7988
7690
6522
5905
5809
5508
5448
6201
5620
5452
5134
4996
5560
5659
5283
6467
5585
6295
7503
7199
7013
6344
6272
6140
6170
5130
5106
5115
5896
5516
5618
5303
5844
4152
6185
7902
7941
7808
7651
7271
7177
7439
6844
7370
7411
7961
7132
7114
7019
5494
6336
7325
7679
7242
7227
6675
7459
7788
7490
6940
7153
6949
7558
6843
7399
7255
7877
7837
7680
7008
6550
6414
6545
6588
7104
6574
5965
6152
6089
6086
5837
5629
5355
5826
6710
6938
5960
5636
5409
5379
5536
7596
7660
6903
7406
4758
4631
5969
7865
7541
7515
7262
6563
6994
6734
7102
7212
7825
7728
6901
6824
6631
7722
7732
7079
6989
6405
6033
6671
6739
6611
6242
6215
6485
5688
5665
5643
5473
5324
5299
5179
5188
7123
6366
6644
7054
6803
6157
5684
5761
5273
5078
5538
6163
5581
7412
5872
6807
6613
5716
5602
5515
5092
4885
7753
7746
7276
5923
5366
5238
5195
4882
7536
7431
5089
4952
3942
3867
2915
3765
4814
4424
5076
4830
7936
6236
3417
5072
6310
6525
6252
6022
5615
5558
5243
5189
6397
5292
4797
4777
7223
7181
6283
6002
5160
5046
4767
6606
6298
6612
5835
6073
5729
7390
5222
5264
5308
4368
4362
4120
5085
4841
4351
7398
7020
6719
6687
6299
5855
5472
4818
3954
3676
6435
4810
3647
3625
3419
7583
7504
3937
4427
3788
4866
4658
3754
3350
2392
2924
2579
4523
4754
5234
5751
5744
4248
3635
4440
3908
4282
4014
2484
4944
4071
3531
4364
3733
3564
6769
3303
6674
4189
3089
2859
5172
5241
4586
4206
4045
4040
3731
3692
3225
2730
2528
2277
594
991
4939
5383
4217
3932
3538
3345
5019
4896
4113
3052
3039
2917
2951
3439
3234
4845
4690
4545
4326
5518
5041
3049
6023
5424
6427
6198
5884
5453
4738
4719
5159
4254
4815
4666
4020
4723
4553
4889
3920
3492
3226
3825
3671
5181
5180
4352
5081
4874
4481
4893
4328
4733
4060
4056
7838
4028
4200
4053
3978
4865
5860
5895
5712
5908
6191
7626
7765
7719
7240
7428
7335
6923
7904
7416
7151
7952
7647
7692
7518
7091
6449
7539
6959
6921
6855
6369
6300
6293
6278
6005
5532
5731
6902
6804
5947
6315
6018
5648
5439
5874
5680
7027
6776
5401
5331
5416
7484
7423
7969
7440
7410
7108
5935
7307
6788
6712
6638
7932
6970
7940
6593
6402
6217
6277
6186
5902
5838
5736
5500
5839
5191
5004
4559
4923
4880
4188
4259
3688
3242
3210
2615
1969
5346
7705
7254
6836
6399
7875
5661
6689
6036
5404
5377
4435
6079
4852
4401
4185
3948
3875
3898
3549
3379
2607
2605
4198
2024
1180
957
940
1995
1440
1226
1938
1615
2146
1419
6492
1057
5094
1174
5542
5038
4802
4619
4262
6875
5887
6560
5856
5819
5681
5449
5277
4974
4662
4241
3737
3717
3631
3871
3413
3900
3837
7077
7976
7892
7687
7106
7642
7475
7372
7329
7698
6954
6596
6448
6386
6126
7133
5789
5749
4617
5082
5263
4982
5388
5349
5279
5679
5490
7143
7239
6471
6203
5164
4519
4074
4793
6599
4294
3301
2888
2494
2457
4550
2345
1886
3229
2800
2674
2583
5296
7225
7718
6992
6372
7534
6721
7905
7569
7506
6497
6419
5399
5253
4706
4682
4356
3474
6035
7203
6093
7820
7629
7963
7856
7741
7726
7615
7824
7448
7603
7415
7342
7689
7002
6508
7598
7466
7744
7176
6890
7964
7842
7180
5993
5566
5221
6669
6668
6304
6030
6925
6822
5353
4423
3075
4324
4287
4106
3433
3324
2950
2802
3931
6231
7597
6584
7312
6432
5693
5652
5961
6294
5728
4629
6364
5777
5531
4739
3442
5997
3328
2846
2683
3398
2573
2139
2331
2092
2073
1639
1251
571
240
2378
1861
930
3425
4772
4202
3939
3694
3374
4277
6138
4437
4390
3918
3909
5595
3917
3010
2838
2410
3536
2762
2604
2040
2724
2744
2323
3184
2716
3502
5592
3945
3921
3756
2645
2475
2278
3537
2550
4436
2887
1884
1438
3045
5778
2726
2473
2394
2628
924
509
63
1931
1760
1945
1891
1996
1773
1464
1424
1403
683
348
1785
1148
1663
871
1699
306
2893
6743
4749
2452
1827
1145
909
886
2360
527
354
297
3681
2094
2250
1841
815
1185
805
760
2532
2623
2977
2443
3807
4892
4826
4625
4439
3080
2179
1888
1080
754
1268
1856
696
963
1181
494
662
2387
2140
3752
6128
6190
7003
6324
5764
5619
5557
5200
5428
4931
4911
3051
3768
3526
2817
6568
5579
5307
3801
3208
4726
5486
6000
4905
4371
4219
4406
3710
3634
3648
3544
3281
4260
5171
5206
4491
4399
4792
4938
4305
4510
5102
5015
4534
6250
5478
4762
6245
6221
2719
5747
7919
7299
6061
5110
3157
5488
3668
4224
4201
3860
3736
4385
3144
2987
2515
2229
2757
3661
2231
3969
2848
2999
3579
2567
2546
2192
2084
1974
4506
4000
3888
2956
3911
3986
5185
4243
4949
4306
4047
4041
3957
3840
3421
3596
5885
4580
4288
2470
2427
3475
3289
3290
3255
3728
3384
4384
3944
3477
7272
4558
4125
3008
2743
5669
6868
6519
3782
6924
6081
5392
4639
3541
3461
3333
2720
2447
5302
4548
4341
4088
3964
3615
3060
3742
2991
2909
2280
2907
2184
1994
2566
2678
4807
5800
4729
3591
5824
3037
3266
2287
1146
1337
2687
2462
3046
2783
2883
2163
1720
1197
2525
1746
1596
1488
1016
2099
1427
1116
1003
789
1593
778
170
2338
3514
3697
2142
2083
3331
3378
3228
3117
3494
3275
2962
2339
2233
1686
1358
1009
4922
3595
1961
1492
852
2238
2186
1962
1186
1252
2016
3270
3581
5097
2491
2270
2386
2160
1713
1558
1422
6176
1294
1124
1603
1246
1413
979
1109
598
1929
1631
3372
2638
2316
2274
2198
1637
2548
329
1243
1332
1034
849
755
515
1855
1522
1321
1018
2721
2361
3153
2116
1906
1143
1636
1530
1112
1202
1017
968
1399
1308
317
268
493
449
621
2830
1907
1766
1577
1550
1414
743
347
807
237
520
175
802
2648
52
247
69
672
392
422
25
1029
174
77
45
117
173
625
11
925
73
480
1652
171
1412
1319
2748
2717
653
2276
2572
1604
2585
2880
4064
2644
2626
2610
2009
2249
2105
3253
3029
4446
4062
3601
3172
2927
2498
2432
1973
2183
1870
1740
1195
2031
2616
2698
2555
3565
2303
1893
1829
1562
226
716
325
1759
2531
2006
1790
3238
2827
2685
2584
2541
2364
2213
2335
2194
2167
2111
2408
1668
857
1608
1771
1691
2805
3145
4212
2816
2662
2327
2571
1887
1864
1786
1937
2014
1821
3388
4877
3971
3995
3815
3655
2138
2128
2114
1622
1178
1863
2890
2676
2872
2617
2351
2500
3386
2534
3919
3134
2981
2666
3912
3755
3832
3691
3030
2772
2193
1993
1951
2663
3205
2861
3557
2597
1371
1126
1322
2476
2203
1551
1510
964
1007
996
1525
1263
708
773
853
1249
938
827
1011
733
371
1416
305
279
116
87
202
20
791
674
548
33
222
1366
388
2037
2156
1079
198
168
385
111
164
2004
586
104
1857
1975
1627
972
1256
1067
992
689
634
376
531
300
351
893
891
590
1442
969
935
1333
109
626
205
339
1103
1048
954
873
1873
1586
1313
632
1519
1820
1655
448
7438
1474
955
433
839
1122
3
1147
945
572
418
161
1917
1971
2068
3250
3148
3124
3099
1956
1618
928
1834
5766
2703
2241
1704
1053
726
966
766
1462
469
267
844
60
684
838
769
631
562
585
880
1693
1306
1696
1411
765
3484
2900
2694
1728
1506
1489
1055
1564
1241
177
942
361
872
366
115
443
48
408
2150
819
785
1402
128
1075
1044
130
55
124
165
728
208
1628
1500
1484
1264
1114
5010
2601
1024
810
1129
195
2430
2776
307
570
1150
3797
1606
1517
120
623
464
4
169
216
74
882
1050
500
70
2224
682
