1989
1888
1910
1790
1740
1929
1901
1988
1952
1941
1919
1914
1975
1961
1884
1913
1852
1841
1743
1911
1825
1973
1926
1898
1879
1801
1770
1762
1779
1793
1856
1821
1950
1866
1758
1132
995
767
1002
1001
1956
1750
1744
1592
1757
1718
1843
1701
1722
1564
1554
1536
1521
1515
1662
1970
1978
1922
1833
1599
1547
1476
1506
1659
1773
1840
1694
1683
1728
1492
1303
860
629
1415
1629
1656
1628
1601
1457
1735
1639
1466
1430
1361
1296
1473
1508
1681
1456
1519
1288
1213
1795
1560
1302
889
1386
1533
1362
1614
1274
1199
1276
1181
968
1373
1887
1954
1892
1582
1412
1672
1816
1537
1451
1470
1301
1086
1208
1146
1257
1481
1380
1291
1263
1129
1709
1425
1341
1278
1309
1704
1482
1403
1767
1242
1172
1065
1055
908
413
18
1010
1269
1224
1193
1207
1491
1435
1848
1711
1927
1342
1292
1083
600
1907
1260
1375
1445
1447
1490
1248
1196
1315
1123
1092
1413
1333
1326
1226
1230
1185
1149
1150
1180
1174
1120
1094
985
1056
1104
958
949
982
1079
986
955
922
916
797
1047
1049
993
1188
1006
1348
829
1831
663
476
452
1008
934
1082
989
1053
1084
941
917
564
879
895
852
966
974
876
918
915
834
828
814
706
812
537
704
685
875
977
928
887
731
870
654
651
714
698
693
591
950
987
971
930
882
872
618
753
774
700
586
585
569
634
784
1454
1331
1312
628
45
562
9
709
405
339
283
518
582
842
825
499
460
468
590
561
517
444
343
981
672
457
456
312
219
1
292
427
385
350
471
422
349
424
625
372
284
224
236
109
346
1060
805
743
551
532
433
744
356
244
277
256
338
428
354
334
308
295
171
251
465
576
509
865
1020
1103
1115
790
745
573
546
411
409
310
404
328
118
220
241
227
202
116
228
44
50
155
142
357
565
337
450
1186
304
230
268
246
86
203
143
123
124
104
126
98
42
60
387
498
13
38
223
434
125
54
14
8
147
117
82
533
21
425
602
169
785
524
270
262
