2085
2084
2083
2075
2072
2082
2067
2074
2070
2060
2062
2055
2051
2044
2043
2032
2025
2026
2053
2011
2015
2009
2005
2002
2040
1987
1992
1991
1986
1970
1998
1979
1965
1964
1996
1958
1951
1960
1954
1949
1946
1940
1937
1935
1927
1934
1917
1931
1929
1928
1919
1923
1920
1918
1913
1914
1905
1903
1911
1910
1899
1888
1883
1892
1881
1912
1824
1877
1880
1879
1847
1875
1843
1839
1831
1820
1837
1807
1818
1809
1804
1784
1782
1775
1776
1788
1774
1765
1767
1763
1736
1722
1733
1719
1704
1737
1720
1702
1718
1675
1684
1691
1682
1679
1668
1674
1669
1667
1655
1641
1656
1637
1661
1613
1638
1635
1632
1622
1615
1612
1610
1593
1606
1603
1588
1582
1579
1562
1556
1538
1527
1552
1536
1528
1520
1543
1522
1519
1515
1508
1503
1496
1493
1491
1501
1467
1486
1464
1477
1483
1479
1470
1478
1446
1438
1460
1456
1452
1449
1447
1437
1443
1429
1431
1427
1422
1402
1420
1418
1400
1414
1419
1394
1398
1395
1364
1383
1374
1370
1343
1396
1389
1387
1360
1336
1352
1338
1331
1348
1340
1316
1321
1319
1306
1304
1305
1312
1288
1300
1293
1278
1271
1275
1281
1272
1263
1253
1291
1279
1268
1249
1245
1237
1236
1241
1233
1216
1201
1215
1227
1210
1206
1179
1173
1175
1189
1167
1178
1156
1120
1152
1168
1139
1142
1145
1128
1117
1102
1132
1137
1112
1111
1108
1098
1096
1089
1093
1075
1086
1069
1068
1066
1061
1063
1047
1046
1053
1067
1031
1045
1037
1033
1023
1021
1020
1015
1010
998
985
1009
981
995
966
965
986
961
951
944
937
936
929
921
925
916
920
915
873
912
904
899
865
867
862
848
849
846
845
843
841
835
836
817
832
826
825
812
810
806
805
796
790
789
792
782
779
766
784
776
748
762
759
756
755
754
737
728
760
725
722
720
718
706
732
707
702
683
696
693
692
684
669
668
666
670
657
612
637
590
622
645
629
610
665
604
601
605
602
592
584
596
599
680
465
589
579
578
569
568
552
564
567
573
516
550
541
539
521
556
531
520
519
518
515
510
508
504
494
491
474
469
488
479
468
458
499
424
455
448
449
437
436
430
425
409
414
416
446
363
402
407
406
405
342
399
383
379
377
375
364
362
360
351
349
339
331
338
329
327
326
315
322
308
313
312
310
319
288
279
270
301
274
252
263
260
259
245
231
242
230
253
224
213
214
221
220
208
210
204
205
202
195
192
191
187
181
166
153
146
145
134
190
38
127
122
119
115
114
175
100
96
111
95
87
91
81
72
78
67
61
58
86
53
54
51
52
13
46
3
2
0
