1936
1868
1865
1705
1634
1844
1804
1806
1966
1957
1945
1997
1916
1836
1987
1953
1908
1661
1595
1556
1889
1874
1861
1772
1719
1671
1715
1680
1782
1789
1995
1805
1663
1405
1603
1608
1706
1378
1660
1449
1417
1558
1925
1895
1489
1280
1381
1958
1960
1934
1541
1335
1308
1134
1337
1035
929
1229
642
1275
1360
1268
1255
1044
1372
1423
1163
1061
999
927
761
1032
1262
1306
1265
1240
1273
1828
1878
1893
1788
1610
1774
1596
1366
1075
910
752
1655
1542
1336
1169
1137
877
1077
1072
1018
1329
1396
1838
1751
1327
1236
1256
1299
1247
1135
952
992
923
953
912
845
853
613
1066
1005
1063
1106
1658
1653
1645
1624
1566
1420
1252
1643
1411
1955
1383
1098
1191
658
921
896
850
905
1088
1923
1351
937
485
128
31
925
907
746
214
772
1019
943
1602
1231
1158
838
946
732
903
760
757
638
315
247
395
158
85
552
536
758
484
1195
696
481
470
373
371
306
258
534
554
429
172
163
136
16
514
670
837
652
623
446
301
426
721
669
633
626
578
716
563
577
549
355
353
363
282
286
183
166
138
43
65
269
56
40
57
548
451
358
111
412
415
796
10
37
75
362
15
342
303
894
807
67
161
1703
