2092
2079
2068
2042
2077
2065
2022
2029
2028
2024
2021
1980
1969
1971
1930
1900
1886
1982
2033
2096
2091
2080
2097
2095
2078
2059
2030
2016
2012
1999
2057
1995
2006
2001
2013
1993
1976
1975
1936
1990
1945
1932
1943
1938
1963
1885
1825
1819
1808
1896
1898
1901
1967
1961
1870
1855
1844
1868
1894
1858
1849
1882
1915
1997
1952
1926
1834
1802
1840
1835
1842
1814
1832
1821
1830
1769
1777
1772
1753
1806
1799
1792
1787
1762
1781
1727
1744
1749
1735
1730
1726
1689
1678
1683
1651
1711
1761
1786
1666
1624
1742
1345
1751
1327
1618
1696
1648
1706
1634
1628
1620
1595
1594
1604
1650
1750
1646
1607
1890
1596
1608
1558
1874
1335
1283
1510
1557
1585
1553
1542
1512
1489
1444
1566
1829
1466
1450
1290
1457
1509
1468
1591
1581
1568
1564
1587
1589
1592
1583
1544
1555
1576
1563
1474
1531
1516
1487
1513
1462
1453
1451
1482
1480
1469
1399
1258
1308
1445
1430
1428
1425
1409
1378
1239
1407
1391
1376
1372
1371
1397
1384
1380
1355
1357
1346
1350
1332
1328
1322
1314
1313
1315
1299
1298
1259
1257
1250
1176
1166
942
778
735
607
723
1099
1223
1289
1465
1256
1261
1274
1244
1238
1213
1222
1252
1267
1353
1442
1057
1141
1134
1170
1185
1219
1193
1240
1228
1171
1157
1151
1196
1131
1058
1113
1104
1115
1154
1180
1183
1172
1140
1136
1092
1052
1103
1071
1182
1025
1006
972
1044
1041
1123
1095
1054
1064
1039
1028
1018
1002
1076
1027
1034
1030
1008
1000
991
978
971
962
956
947
967
988
964
953
950
913
941
932
911
882
945
943
922
902
935
908
872
861
958
893
850
828
852
830
877
892
868
866
853
844
829
880
750
834
799
814
823
813
753
819
791
780
738
1078
695
689
678
659
650
667
661
808
800
785
758
733
731
713
664
751
793
777
675
644
648
871
630
643
625
624
566
581
876
286
619
616
544
586
548
565
557
606
611
576
628
653
694
712
639
553
525
559
537
523
503
444
487
486
466
378
442
467
547
545
527
514
528
492
489
500
522
513
471
432
463
433
477
473
462
459
404
422
401
394
341
348
390
419
417
496
603
393
386
480
451
345
374
376
366
389
330
328
309
357
335
256
347
320
294
297
291
261
248
262
241
206
199
179
246
289
299
295
276
265
234
232
147
237
215
207
198
197
164
159
138
133
129
89
117
162
144
97
142
136
105
94
103
124
71
84
75
85
65
47
60
24
40
42
99
186
472
49
48
249
35
17
11
31
10
1
20
83
68
7
62
92
33
18
23
9
534
384
300
293
137
88
126
